[gd_scene load_steps=6 format=3 uid="uid://cjei3kv18rpsq"]

[sub_resource type="StandardMaterial3D" id="StandardMaterial3D_yxjay"]
albedo_color = Color(0.365907, 0.278127, 0.141121, 1)

[sub_resource type="StandardMaterial3D" id="StandardMaterial3D_yykt5"]
albedo_color = Color(0.217398, 0.0905092, 0.0155112, 1)

[sub_resource type="StandardMaterial3D" id="StandardMaterial3D_ifgsu"]
albedo_color = Color(0.357112, 0.384146, 0.204593, 1)

[sub_resource type="StandardMaterial3D" id="StandardMaterial3D_jtsh0"]
albedo_color = Color(0.807224, 0.566576, 0, 1)
emission_enabled = true
emission = Color(0.687802, 0.611663, 3.85046e-07, 1)
emission_energy_multiplier = 1.09

[sub_resource type="BoxShape3D" id="BoxShape3D_3cpte"]
size = Vector3(2.30176, 0.501465, 2.24438)

[node name="PowerStation" type="Area3D"]

[node name="Building" type="Node3D" parent="."]
transform = Transform3D(3, 0, 0, 0, 3, 0, 0, 0, 3, 0, 0, 0)

[node name="CSGBox3D" type="CSGBox3D" parent="Building"]
transform = Transform3D(1, 0, 0, 0, 1, 0, 0, 0, 1, 0, 0.245605, 0)
size = Vector3(1.65405, 0.508789, 1.69946)
material = SubResource("StandardMaterial3D_yxjay")

[node name="CSGBox3D5" type="CSGBox3D" parent="Building"]
transform = Transform3D(1, 0, 0, 0, 0.707107, 0.707107, 0, -0.707107, 0.707107, 0, 0.54198, 0.683206)
size = Vector3(0.250977, 1.00732, 0.322021)
material = SubResource("StandardMaterial3D_yykt5")

[node name="CSGBox3D6" type="CSGBox3D" parent="Building"]
transform = Transform3D(-1, -6.18172e-08, 6.18172e-08, 0, 0.707107, 0.707107, -8.74228e-08, 0.707107, -0.707107, 0, 0.54198, -0.664725)
size = Vector3(0.250977, 1.00732, 0.322021)
material = SubResource("StandardMaterial3D_yykt5")

[node name="CSGBox3D7" type="CSGBox3D" parent="Building"]
transform = Transform3D(1.31134e-07, -0.707107, 0.707107, -3.55271e-15, 0.707107, 0.707107, -1, -9.27258e-08, 9.27258e-08, 0.595668, 0.539119, 0.0142351)
size = Vector3(0.250977, 1.00732, 0.322021)
material = SubResource("StandardMaterial3D_yykt5")

[node name="CSGBox3D8" type="CSGBox3D" parent="Building"]
transform = Transform3D(-2.18557e-07, 0.707107, -0.707107, -3.55271e-15, 0.707107, 0.707107, 1, 1.54543e-07, -1.54543e-07, -0.695872, 0.539119, 0.0142351)
size = Vector3(0.250977, 1.00732, 0.322021)
material = SubResource("StandardMaterial3D_yykt5")

[node name="CSGBox3D2" type="CSGBox3D" parent="Building"]
transform = Transform3D(1, 0, 0, 0, 1.09682, 0, 0, 0, 1, 0, 0.156494, 0)
size = Vector3(2.10913, 0.330566, 2.30298)
material = SubResource("StandardMaterial3D_ifgsu")

[node name="CSGBox3D3" type="CSGBox3D" parent="Building"]
transform = Transform3D(0.258819, 0, 0.965926, 0, 1.09671, 0, -0.965926, 0, 0.258819, 0, 0.156494, 0)
size = Vector3(2.10913, 0.330566, 2.30298)
material = SubResource("StandardMaterial3D_ifgsu")

[node name="CSGBox3D4" type="CSGBox3D" parent="Building"]
transform = Transform3D(-0.258819, 0, 0.965926, 0, 1, 0, -0.965926, 0, -0.258819, 0, 0.156494, 0)
size = Vector3(2.10913, 0.330566, 2.30298)
material = SubResource("StandardMaterial3D_ifgsu")

[node name="CSGSphere3D" type="CSGSphere3D" parent="Building"]
transform = Transform3D(1, 0, 0, 0, 0.288095, 0, 0, 0, 1, 0, 0.411282, 0)
radius = 0.8
material = SubResource("StandardMaterial3D_jtsh0")

[node name="CSGSphere3D2" type="CSGSphere3D" parent="Building"]
transform = Transform3D(0.789076, 0, 0, 0, 0.227329, 0, 0, 0, 0.789076, 0, 0.704616, 0)
radius = 0.8
material = SubResource("StandardMaterial3D_jtsh0")

[node name="CSGSphere3D3" type="CSGSphere3D" parent="Building"]
transform = Transform3D(0.789076, 0, 0, 0, 0.227329, 0, 0, 0, 0.789076, 0, 0.950745, 0)
radius = 0.6
material = SubResource("StandardMaterial3D_jtsh0")

[node name="CollisionShape3D" type="CollisionShape3D" parent="."]
transform = Transform3D(1, 0, 0, 0, 1, 0, 0, 0, 1, 0, 0.249268, 0)
shape = SubResource("BoxShape3D_3cpte")

[node name="TetherPoint" type="Marker3D" parent="."]
transform = Transform3D(1, 0, 0, 0, 1, 0, 0, 0, 1, 0, 0.233522, 0)
gizmo_extents = 0.52
