[gd_scene load_steps=5 format=3 uid="uid://bbg4mt7x7bnjx"]

[ext_resource type="Script" uid="uid://dlvbx33w2e5vt" path="res://Game/Scripts/enemy_path_follow.gd" id="1_pw22q"]
[ext_resource type="Script" uid="uid://4kmjqwh4jhyl" path="res://Enemies/Scripts/squadron_formations.gd" id="2_6n7ec"]
[ext_resource type="PackedScene" uid="uid://c610okaeoghbs" path="res://Enemies/Scenes/bomber_flyer.tscn" id="3_g3ua2"]

[sub_resource type="Curve3D" id="Curve3D_hnegi"]
_data = {
"points": PackedVector3Array(2.9404297, 1.0986328, -36.654846, -2.9404297, -1.0986328, 36.654846, -2.1866724, 63.38951, -438.66968, 0.07350087, -0.37451172, -38.425186, -0.07350087, 0.37451172, 38.425186, -1, -0.7250061, -198, 0, 0, 0, 0, 0, 0, -3.3131547, 0, -4.8731637, 0.0085430145, -5.1142426, -35.00482, -0.0085430145, 5.1142426, 35.00482, -5.367466, 2.328273e-10, 198.68765, 0.2900715, -2.9682312, -34.001892, -0.2900715, 2.9682312, 34.001892, -7.6856403, 90.3909, 476.33493),
"tilts": PackedFloat32Array(0, 0, 0, 0, 0)
}
point_count = 5

[node name="BomberPath" type="Path3D"]
curve = SubResource("Curve3D_hnegi")
debug_custom_color = Color(1, 0.78969204, 0.78211087, 1)

[node name="PathFollow3D" type="PathFollow3D" parent="."]
transform = Transform3D(-0.99673295, -0.002387808, 0.079923265, -1.16407745e-10, 0.99950397, 0.029861731, -0.07995733, 0.029765964, -0.9963083, -2.1866724, 63.38951, -438.66968)
script = ExtResource("1_pw22q")
Attack_Start_Ratio = 0.237
Attack_End_Ratio = 0.65

[node name="Squadron1" type="Node3D" parent="PathFollow3D"]
unique_name_in_owner = true
script = ExtResource("2_6n7ec")

[node name="Bomber" parent="PathFollow3D/Squadron1" instance=ExtResource("3_g3ua2")]
transform = Transform3D(0.9968071, -6.579924e-11, 0.07996336, 0.0023879588, 0.9995661, -0.02976781, -0.07992761, 0.02986332, 0.99636143, 0, 0, 0)

[node name="Bomber2" parent="PathFollow3D/Squadron1" instance=ExtResource("3_g3ua2")]
transform = Transform3D(0.996807, 1.8363322e-10, 0.07996334, 0.002387959, 0.99956596, -0.029767806, -0.07992761, 0.029863311, 0.9963613, -18.553518, -0.3369751, 11.279144)

[node name="Bomber3" parent="PathFollow3D/Squadron1" instance=ExtResource("3_g3ua2")]
transform = Transform3D(0.9968069, 3.4992154e-10, 0.079963334, 0.002387959, 0.9995659, -0.029767804, -0.0799276, 0.029863305, 0.99636126, 19.976887, -0.24467468, 8.189636)

[node name="Bomber4" parent="PathFollow3D/Squadron1" instance=ExtResource("3_g3ua2")]
transform = Transform3D(0.99680686, 2.8412228e-10, 0.07996333, 0.002387959, 0.99956584, -0.029767802, -0.0799276, 0.029863302, 0.9963612, -38.98565, -0.6739731, 22.558563)

[node name="Bomber5" parent="PathFollow3D/Squadron1" instance=ExtResource("3_g3ua2")]
transform = Transform3D(0.9968068, 1.3517887e-10, 0.07996331, 0.0023879593, 0.9995658, -0.0297678, -0.0799276, 0.029863298, 0.99636114, 38.89712, -0.4873886, 16.31366)
